{
  "asset": {
    "version": "2.0",
    "generator": "THREE.GLTFExporter"
  },
  "scenes": [
    {
      "nodes": [
        1704
      ],
      "name": "Scene"
    }
  ],
  "scene": 0,
  "nodes": [
    {
      "mesh": 0
    },
    {
      "mesh": 1
    },
    {
      "mesh": 2
    },
    {
      "matrix": [
        1,
        0,
        0,
        0,
        0,
        0.9681480000000001,
        -0.25038,
        0,
        0,
        0.25038,
        0.9681480000000001,
        0,
        985.2754,
        2294.674,
        50.93769,
        1
      ],
      "name": "Component_1",
      "children": [
        0,
        1,
        2
      ]
    },
    {
      "mesh": 1
    },
    {
      "matrix": [
        -1,
        0,
        0,
        0,
        0,
        -0.9681480000000001,
        -0.25038,
        0,
        0,
        -0.25038,
        0.9681480000000001,
        0,
        242.3152,
        4492.971,
        50.93769,
        1
      ],
      "name": "Component_1",
      "children": [
        4
      ]
    },
    {
      "mesh": 3
    },
    {
      "matrix": [
        0.001,
        0,
        0,
        0,
        0,
        0.9681479764724392,
        -0.2503800909743455,
        0,
        0,
        0.2503800909743455,
        0.9681479764724392,
        0,
        230.8167,
        2294.674,
        50.93769,
        1
      ],
      "name": "Component_1",
      "children": [
        6
      ]
    },
    {
      "mesh": 4
    },
    {
      "mesh": 5
    },
    {
      "mesh": 6
    },
    {
      "mesh": 7
    },
    {
      "name": "Component_3",
      "children": [
        8,
        9,
        10,
        11
      ]
    },
    {
      "mesh": 8
    },
    {
      "matrix": [
        2.220446049250313e-16,
        0,
        -1,
        0,
        0,
        1,
        0,
        0,
        1,
        0,
        2.220446049250313e-16,
        0,
        130.8746,
        3388.992,
        6434.361,
        1
      ],
      "name": "Component_2",
      "children": [
        12,
        13
      ]
    },
    {
      "mesh": 4
    },
    {
      "mesh": 5
    },
    {
      "mesh": 9
    },
    {
      "mesh": 10
    },
    {
      "name": "Component_3",
      "children": [
        15,
        16,
        17,
        18
      ]
    },
    {
      "mesh": 8
    },
    {
      "matrix": [
        1.110223135994398e-16,
        0.222521,
        -0.9749279999999999,
        0,
        -1.3877789199929977e-17,
        0.974928,
        0.222521,
        0,
        1,
        -1.3877787807814457e-17,
        1.1102230246251565e-16,
        0,
        130.8746,
        2712.529,
        6357.054,
        1
      ],
      "name": "Component_2",
      "children": [
        19,
        20
      ]
    },
    {
      "mesh": 4
    },
    {
      "mesh": 5
    },
    {
      "mesh": 11
    },
    {
      "mesh": 12
    },
    {
      "name": "Component_3",
      "children": [
        22,
        23,
        24,
        25
      ]
    },
    {
      "mesh": 8
    },
    {
      "matrix": [
        -2.2204453115402972e-16,
        0.33027899999999993,
        -0.9438830000000001,
        0,
        0,
        0.9438829999999999,
        0.33027899999999993,
        0,
        1.0000000000000002,
        0,
        -2.220446049250313e-16,
        0,
        130.8746,
        2385.037,
        6262.141,
        1
      ],
      "name": "Component_2",
      "children": [
        26,
        27
      ]
    },
    {
      "mesh": 13
    },
    {
      "mesh": 14
    },
    {
      "mesh": 15
    },
    {
      "mesh": 16
    },
    {
      "mesh": 17
    },
    {
      "mesh": 18
    },
    {
      "mesh": 19
    },
    {
      "mesh": 20
    },
    {
      "mesh": 21
    },
    {
      "mesh": 22
    },
    {
      "mesh": 23
    },
    {
      "mesh": 24
    },
    {
      "mesh": 25
    },
    {
      "mesh": 26
    },
    {
      "mesh": 27
    },
    {
      "mesh": 28
    },
    {
      "mesh": 29
    },
    {
      "mesh": 30
    },
    {
      "mesh": 31
    },
    {
      "mesh": 32
    },
    {
      "mesh": 33
    },
    {
      "mesh": 34
    },
    {
      "mesh": 35
    },
    {
      "mesh": 36
    },
    {
      "mesh": 37
    },
    {
      "mesh": 38
    },
    {
      "mesh": 39
    },
    {
      "mesh": 40
    },
    {
      "mesh": 41
    },
    {
      "mesh": 42
    },
    {
      "mesh": 43
    },
    {
      "mesh": 44
    },
    {
      "mesh": 45
    },
    {
      "mesh": 46
    },
    {
      "mesh": 47
    },
    {
      "mesh": 48
    },
    {
      "mesh": 49
    },
    {
      "mesh": 50
    },
    {
      "mesh": 51
    },
    {
      "mesh": 52
    },
    {
      "mesh": 53
    },
    {
      "matrix": [
        3.086420008457935e-16,
        1.39,
        0,
        0,
        -1.39,
        3.086420008457935e-16,
        0,
        0,
        0,
        0,
        1.39,
        0,
        768.0127,
        1237.409,
        5829.444,
        1
      ],
      "name": "Component_6",
      "children": [
        29,
        30,
        31,
        32,
        33,
        34,
        35,
        36,
        37,
        38,
        39,
        40,
        41,
        42,
        43,
        44,
        45,
        46,
        47,
        48,
        49,
        50,
        51,
        52,
        53,
        54,
        55,
        56,
        57,
        58,
        59,
        60,
        61,
        62,
        63,
        64,
        65,
        66,
        67,
        68,
        69
      ]
    },
    {
      "mesh": 13
    },
    {
      "mesh": 14
    },
    {
      "mesh": 15
    },
    {
      "mesh": 16
    },
    {
      "mesh": 17
    },
    {
      "mesh": 18
    },
    {
      "mesh": 19
    },
    {
      "mesh": 20
    },
    {
      "mesh": 21
    },
    {
      "mesh": 22
    },
    {
      "mesh": 23
    },
    {
      "mesh": 24
    },
    {
      "mesh": 25
    },
    {
      "mesh": 26
    },
    {
      "mesh": 27
    },
    {
      "mesh": 28
    },
    {
      "mesh": 29
    },
    {
      "mesh": 30
    },
    {
      "mesh": 31
    },
    {
      "mesh": 32
    },
    {
      "mesh": 33
    },
    {
      "mesh": 34
    },
    {
      "mesh": 35
    },
    {
      "mesh": 36
    },
    {
      "mesh": 37
    },
    {
      "mesh": 38
    },
    {
      "mesh": 39
    },
    {
      "mesh": 40
    },
    {
      "mesh": 41
    },
    {
      "mesh": 42
    },
    {
      "mesh": 43
    },
    {
      "mesh": 44
    },
    {
      "mesh": 45
    },
    {
      "mesh": 46
    },
    {
      "mesh": 47
    },
    {
      "mesh": 48
    },
    {
      "mesh": 49
    },
    {
      "mesh": 50
    },
    {
      "mesh": 51
    },
    {
      "mesh": 52
    },
    {
      "mesh": 53
    },
    {
      "matrix": [
        3.086420008457935e-16,
        1.39,
        0,
        0,
        -1.39,
        3.086420008457935e-16,
        0,
        0,
        0,
        0,
        1.39,
        0,
        768.0127,
        330.7168,
        1856.967,
        1
      ],
      "name": "Component_6",
      "children": [
        71,
        72,
        73,
        74,
        75,
        76,
        77,
        78,
        79,
        80,
        81,
        82,
        83,
        84,
        85,
        86,
        87,
        88,
        89,
        90,
        91,
        92,
        93,
        94,
        95,
        96,
        97,
        98,
        99,
        100,
        101,
        102,
        103,
        104,
        105,
        106,
        107,
        108,
        109,
        110,
        111
      ]
    },
    {
      "mesh": 4
    },
    {
      "mesh": 5
    },
    {
      "mesh": 54
    },
    {
      "mesh": 55
    },
    {
      "name": "Component_3",
      "children": [
        113,
        114,
        115,
        116
      ]
    },
    {
      "mesh": 8
    },
    {
      "matrix": [
        3.3306682016397385e-16,
        0.9937119999999998,
        -0.1119640000000003,
        0,
        -1.1102227338799129e-16,
        0.11196400000000052,
        0.9937119999999998,
        0,
        0.9999999999999998,
        -1.1102230246251565e-16,
        3.3306690738754696e-16,
        0,
        130.8746,
        371.8607,
        3729.455,
        1
      ],
      "name": "Component_2",
      "children": [
        117,
        118
      ]
    },
    {
      "mesh": 4
    },
    {
      "mesh": 5
    },
    {
      "mesh": 56
    },
    {
      "mesh": 57
    },
    {
      "name": "Component_3",
      "children": [
        120,
        121,
        122,
        123
      ]
    },
    {
      "mesh": 8
    },
    {
      "matrix": [
        0,
        1,
        0,
        0,
        0,
        0,
        1,
        0,
        1,
        0,
        0,
        0,
        130.8746,
        353.2833,
        3388.992,
        1
      ],
      "name": "Component_2",
      "children": [
        124,
        125
      ]
    },
    {
      "mesh": 4
    },
    {
      "mesh": 5
    },
    {
      "mesh": 58
    },
    {
      "mesh": 59
    },
    {
      "name": "Component_3",
      "children": [
        127,
        128,
        129,
        130
      ]
    },
    {
      "mesh": 8
    },
    {
      "matrix": [
        1.1102227338799129e-16,
        0.9937119999999998,
        0.1119640000000003,
        0,
        -1.1102227338799129e-16,
        -0.11196400000000008,
        0.9937119999999998,
        0,
        0.9999999999999998,
        1.1102230246251565e-16,
        3.3306690738754696e-16,
        0,
        130.8746,
        372.9424,
        3048.59,
        1
      ],
      "name": "Component_2",
      "children": [
        131,
        132
      ]
    },
    {
      "mesh": 4
    },
    {
      "mesh": 5
    },
    {
      "mesh": 60
    },
    {
      "mesh": 61
    },
    {
      "name": "Component_3",
      "children": [
        134,
        135,
        136,
        137
      ]
    },
    {
      "mesh": 8
    },
    {
      "matrix": [
        0,
        -0.532032,
        0.846724,
        0,
        0,
        -0.846724,
        -0.532032,
        0,
        1,
        0,
        0,
        0,
        130.8746,
        5015.577,
        821.8944,
        1
      ],
      "name": "Component_2",
      "children": [
        138,
        139
      ]
    },
    {
      "mesh": 4
    },
    {
      "mesh": 5
    },
    {
      "mesh": 62
    },
    {
      "mesh": 63
    },
    {
      "name": "Component_3",
      "children": [
        141,
        142,
        143,
        144
      ]
    },
    {
      "mesh": 8
    },
    {
      "matrix": [
        1.110223135994398e-16,
        -0.222521,
        -0.9749279999999999,
        0,
        1.3877789199929977e-17,
        0.974928,
        -0.222521,
        0,
        1,
        1.3877787807814457e-17,
        1.1102230246251565e-16,
        0,
        130.8746,
        4065.697,
        6359.204,
        1
      ],
      "name": "Component_2",
      "children": [
        145,
        146
      ]
    },
    {
      "mesh": 4
    },
    {
      "mesh": 5
    },
    {
      "mesh": 64
    },
    {
      "mesh": 65
    },
    {
      "name": "Component_3",
      "children": [
        148,
        149,
        150,
        151
      ]
    },
    {
      "mesh": 8
    },
    {
      "matrix": [
        1.1102228581855042e-16,
        -0.111965,
        -0.9937120000000002,
        0,
        6.9388928636594014e-18,
        0.993712,
        -0.111965,
        0,
        1.0000000000000002,
        6.938893903907228e-18,
        1.1102230246251565e-16,
        0,
        130.8746,
        3729.455,
        6415.784,
        1
      ],
      "name": "Component_2",
      "children": [
        152,
        153
      ]
    },
    {
      "mesh": 4
    },
    {
      "mesh": 5
    },
    {
      "mesh": 66
    },
    {
      "mesh": 67
    },
    {
      "name": "Component_3",
      "children": [
        155,
        156,
        157,
        158
      ]
    },
    {
      "mesh": 8
    },
    {
      "matrix": [
        2.1816849832458232e-7,
        0.6234896882551986,
        -0.7818311090843036,
        0,
        -3.117450450619479e-7,
        0.7818318294288857,
        0.6234901757190805,
        0,
        0.9999998909156687,
        1.7571898752732906e-7,
        3.8873957775020784e-7,
        0,
        130.8746,
        1494.301,
        5768,
        1
      ],
      "name": "Component_2",
      "children": [
        159,
        160
      ]
    },
    {
      "mesh": 4
    },
    {
      "mesh": 5
    },
    {
      "mesh": 68
    },
    {
      "mesh": 69
    },
    {
      "name": "Component_3",
      "children": [
        162,
        163,
        164,
        165
      ]
    },
    {
      "mesh": 8
    },
    {
      "matrix": [
        0,
        0.7071070000000002,
        -0.7071070000000002,
        0,
        0,
        0.707107,
        0.7071070000000002,
        0,
        1,
        0,
        0,
        0,
        130.8746,
        1240.421,
        5540.393,
        1
      ],
      "name": "Component_2",
      "children": [
        166,
        167
      ]
    },
    {
      "mesh": 4
    },
    {
      "mesh": 5
    },
    {
      "mesh": 70
    },
    {
      "mesh": 71
    },
    {
      "name": "Component_3",
      "children": [
        169,
        170,
        171,
        172
      ]
    },
    {
      "mesh": 8
    },
    {
      "matrix": [
        0,
        0.7818320000000001,
        -0.62349,
        0,
        0,
        0.6234899999999999,
        0.7818320000000001,
        0,
        1,
        0,
        0,
        0,
        130.8746,
        1013.621,
        5285.791,
        1
      ],
      "name": "Component_2",
      "children": [
        173,
        174
      ]
    },
    {
      "mesh": 4
    },
    {
      "mesh": 5
    },
    {
      "mesh": 72
    },
    {
      "mesh": 73
    },
    {
      "name": "Component_3",
      "children": [
        176,
        177,
        178,
        179
      ]
    },
    {
      "mesh": 8
    },
    {
      "matrix": [
        1.1102227921444309e-16,
        0.8467239999999999,
        -0.5320320000000001,
        0,
        0,
        0.5320320000000002,
        0.8467239999999999,
        0,
        0.9999999999999999,
        0,
        1.1102230246251565e-16,
        0,
        130.8746,
        816.7544,
        5007.397,
        1
      ],
      "name": "Component_2",
      "children": [
        180,
        181
      ]
    },
    {
      "mesh": 4
    },
    {
      "mesh": 5
    },
    {
      "mesh": 74
    },
    {
      "mesh": 75
    },
    {
      "name": "Component_3",
      "children": [
        183,
        184,
        185,
        186
      ]
    },
    {
      "mesh": 8
    },
    {
      "matrix": [
        -2.2204465648567e-16,
        0.9009690000000001,
        -0.4338839999999999,
        0,
        1.11022328242835e-16,
        0.4338839999999999,
        0.9009690000000001,
        0,
        1,
        1.1102230246251565e-16,
        -2.220446049250313e-16,
        0,
        130.8746,
        652.2955,
        4708.711,
        1
      ],
      "name": "Component_2",
      "children": [
        187,
        188
      ]
    },
    {
      "mesh": 4
    },
    {
      "mesh": 5
    },
    {
      "mesh": 76
    },
    {
      "mesh": 77
    },
    {
      "name": "Component_3",
      "children": [
        190,
        191,
        192,
        193
      ]
    },
    {
      "mesh": 8
    },
    {
      "matrix": [
        -2.2204453115402972e-16,
        0.943883,
        -0.3302789999999998,
        0,
        5.551113278850743e-17,
        0.33027899999999977,
        0.943883,
        0,
        1,
        5.551115123125783e-17,
        -2.220446049250313e-16,
        0,
        130.8746,
        522.3128,
        4393.489,
        1
      ],
      "name": "Component_2",
      "children": [
        194,
        195
      ]
    },
    {
      "mesh": 4
    },
    {
      "mesh": 5
    },
    {
      "mesh": 78
    },
    {
      "mesh": 79
    },
    {
      "name": "Component_3",
      "children": [
        197,
        198,
        199,
        200
      ]
    },
    {
      "mesh": 8
    },
    {
      "matrix": [
        0,
        0.974928,
        -0.22252100000000005,
        0,
        0,
        0.222521,
        0.974928,
        0,
        1,
        0,
        0,
        0,
        130.8746,
        428.4411,
        4065.697,
        1
      ],
      "name": "Component_2",
      "children": [
        201,
        202
      ]
    },
    {
      "mesh": 4
    },
    {
      "mesh": 5
    },
    {
      "mesh": 80
    },
    {
      "mesh": 81
    },
    {
      "name": "Component_3",
      "children": [
        204,
        205,
        206,
        207
      ]
    },
    {
      "mesh": 8
    },
    {
      "matrix": [
        0,
        0.433884,
        -0.9009690000000001,
        0,
        0,
        0.9009690000000001,
        0.433884,
        0,
        1,
        0,
        0,
        0,
        130.8746,
        2070.23,
        6131.158,
        1
      ],
      "name": "Component_2",
      "children": [
        208,
        209
      ]
    },
    {
      "mesh": 4
    },
    {
      "mesh": 5
    },
    {
      "mesh": 82
    },
    {
      "mesh": 83
    },
    {
      "name": "Component_3",
      "children": [
        211,
        212,
        213,
        214
      ]
    },
    {
      "mesh": 8
    },
    {
      "matrix": [
        0,
        0.532032,
        -0.846724,
        0,
        0,
        0.8467240000000001,
        0.532032,
        0,
        1,
        0,
        0,
        0,
        130.8746,
        1772.068,
        5965.75,
        1
      ],
      "name": "Component_2",
      "children": [
        215,
        216
      ]
    },
    {
      "mesh": 4
    },
    {
      "mesh": 5
    },
    {
      "mesh": 84
    },
    {
      "mesh": 85
    },
    {
      "name": "Component_3",
      "children": [
        218,
        219,
        220,
        221
      ]
    },
    {
      "mesh": 8
    },
    {
      "matrix": [
        0,
        -0.532032,
        -0.846724,
        0,
        0,
        0.8467240000000001,
        -0.532032,
        0,
        1,
        0,
        0,
        0,
        130.8746,
        5007.397,
        5970.89,
        1
      ],
      "name": "Component_2",
      "children": [
        222,
        223
      ]
    },
    {
      "mesh": 4
    },
    {
      "mesh": 5
    },
    {
      "mesh": 86
    },
    {
      "mesh": 87
    },
    {
      "name": "Component_3",
      "children": [
        225,
        226,
        227,
        228
      ]
    },
    {
      "mesh": 8
    },
    {
      "matrix": [
        0,
        -0.433884,
        -0.9009690000000001,
        0,
        0,
        0.9009690000000001,
        -0.433884,
        0,
        1,
        0,
        0,
        0,
        130.8746,
        4708.711,
        6135.349,
        1
      ],
      "name": "Component_2",
      "children": [
        229,
        230
      ]
    },
    {
      "mesh": 4
    },
    {
      "mesh": 5
    },
    {
      "mesh": 88
    },
    {
      "mesh": 89
    },
    {
      "name": "Component_3",
      "children": [
        232,
        233,
        234,
        235
      ]
    },
    {
      "mesh": 8
    },
    {
      "matrix": [
        -2.2204453115402972e-16,
        -0.33027899999999993,
        -0.9438830000000001,
        0,
        0,
        0.9438829999999999,
        -0.33027899999999993,
        0,
        1.0000000000000002,
        0,
        -2.220446049250313e-16,
        0,
        130.8746,
        4393.489,
        6265.332,
        1
      ],
      "name": "Component_2",
      "children": [
        236,
        237
      ]
    },
    {
      "mesh": 13
    },
    {
      "mesh": 14
    },
    {
      "mesh": 15
    },
    {
      "mesh": 16
    },
    {
      "mesh": 17
    },
    {
      "mesh": 18
    },
    {
      "mesh": 19
    },
    {
      "mesh": 20
    },
    {
      "mesh": 21
    },
    {
      "mesh": 22
    },
    {
      "mesh": 23
    },
    {
      "mesh": 24
    },
    {
      "mesh": 25
    },
    {
      "mesh": 26
    },
    {
      "mesh": 27
    },
    {
      "mesh": 28
    },
    {
      "mesh": 29
    },
    {
      "mesh": 30
    },
    {
      "mesh": 31
    },
    {
      "mesh": 32
    },
    {
      "mesh": 33
    },
    {
      "mesh": 34
    },
    {
      "mesh": 35
    },
    {
      "mesh": 36
    },
    {
      "mesh": 37
    },
    {
      "mesh": 38
    },
    {
      "mesh": 39
    },
    {
      "mesh": 40
    },
    {
      "mesh": 41
    },
    {
      "mesh": 42
    },
    {
      "mesh": 43
    },
    {
      "mesh": 44
    },
    {
      "mesh": 45
    },
    {
      "mesh": 46
    },
    {
      "mesh": 47
    },
    {
      "mesh": 48
    },
    {
      "mesh": 49
    },
    {
      "mesh": 50
    },
    {
      "mesh": 51
    },
    {
      "mesh": 52
    },
    {
      "mesh": 53
    },
    {
      "matrix": [
        3.086420008457935e-16,
        1.39,
        0,
        0,
        -1.39,
        3.086420008457935e-16,
        0,
        0,
        0,
        0,
        1.39,
        0,
        768.0127,
        4001.838,
        6460.407,
        1
      ],
      "name": "Component_6",
      "children": [
        239,
        240,
        241,
        242,
        243,
        244,
        245,
        246,
        247,
        248,
        249,
        250,
        251,
        252,
        253,
        254,
        255,
        256,
        257,
        258,
        259,
        260,
        261,
        262,
        263,
        264,
        265,
        266,
        267,
        268,
        269,
        270,
        271,
        272,
        273,
        274,
        275,
        276,
        277,
        278,
        279
      ]
    },
    {
      "mesh": 13
    },
    {
      "mesh": 14
    },
    {
      "mesh": 15
    },
    {
      "mesh": 16
    },
    {
      "mesh": 17
    },
    {
      "mesh": 18
    },
    {
      "mesh": 19
    },
    {
      "mesh": 20
    },
    {
      "mesh": 21
    },
    {
      "mesh": 22
    },
    {
      "mesh": 23
    },
    {
      "mesh": 24
    },
    {
      "mesh": 25
    },
    {
      "mesh": 26
    },
    {
      "mesh": 27
    },
    {
      "mesh": 28
    },
    {
      "mesh": 29
    },
    {
      "mesh": 30
    },
    {
      "mesh": 31
    },
    {
      "mesh": 32
    },
    {
      "mesh": 33
    },
    {
      "mesh": 34
    },
    {
      "mesh": 35
    },
    {
      "mesh": 36
    },
    {
      "mesh": 37
    },
    {
      "mesh": 38
    },
    {
      "mesh": 39
    },
    {
      "mesh": 40
    },
    {
      "mesh": 41
    },
    {
      "mesh": 42
    },
    {
      "mesh": 43
    },
    {
      "mesh": 44
    },
    {
      "mesh": 45
    },
    {
      "mesh": 46
    },
    {
      "mesh": 47
    },
    {
      "mesh": 48
    },
    {
      "mesh": 49
    },
    {
      "mesh": 50
    },
    {
      "mesh": 51
    },
    {
      "mesh": 52
    },
    {
      "mesh": 53
    },
    {
      "matrix": [
        3.086420008457935e-16,
        1.39,
        0,
        0,
        -1.39,
        3.086420008457935e-16,
        0,
        0,
        0,
        0,
        1.39,
        0,
        768.0127,
        5312.046,
        720.0108,
        1
      ],
      "name": "Component_6",
      "children": [
        281,
        282,
        283,
        284,
        285,
        286,
        287,
        288,
        289,
        290,
        291,
        292,
        293,
        294,
        295,
        296,
        297,
        298,
        299,
        300,
        301,
        302,
        303,
        304,
        305,
        306,
        307,
        308,
        309,
        310,
        311,
        312,
        313,
        314,
        315,
        316,
        317,
        318,
        319,
        320,
        321
      ]
    },
    {
      "mesh": 13
    },
    {
      "mesh": 14
    },
    {
      "mesh": 15
    },
    {
      "mesh": 16
    },
    {
      "mesh": 17
    },
    {
      "mesh": 18
    },
    {
      "mesh": 19
    },
    {
      "mesh": 20
    },
    {
      "mesh": 21
    },
    {
      "mesh": 22
    },
    {
      "mesh": 23
    },
    {
      "mesh": 24
    },
    {
      "mesh": 25
    },
    {
      "mesh": 26
    },
    {
      "mesh": 27
    },
    {
      "mesh": 28
    },
    {
      "mesh": 29
    },
    {
      "mesh": 30
    },
    {
      "mesh": 31
    },
    {
      "mesh": 32
    },
    {
      "mesh": 33
    },
    {
      "mesh": 34
    },
    {
      "mesh": 35
    },
    {
      "mesh": 36
    },
    {
      "mesh": 37
    },
    {
      "mesh": 38
    },
    {
      "mesh": 39
    },
    {
      "mesh": 40
    },
    {
      "mesh": 41
    },
    {
      "mesh": 42
    },
    {
      "mesh": 43
    },
    {
      "mesh": 44
    },
    {
      "mesh": 45
    },
    {
      "mesh": 46
    },
    {
      "mesh": 47
    },
    {
      "mesh": 48
    },
    {
      "mesh": 49
    },
    {
      "mesh": 50
    },
    {
      "mesh": 51
    },
    {
      "mesh": 52
    },
    {
      "mesh": 53
    },
    {
      "matrix": [
        3.086420008457935e-16,
        1.39,
        0,
        0,
        -1.39,
        3.086420008457935e-16,
        0,
        0,
        0,
        0,
        1.39,
        0,
        768.0127,
        5312.046,
        5829.444,
        1
      ],
      "name": "Component_6",
      "children": [
        323,
        324,
        325,
        326,
        327,
        328,
        329,
        330,
        331,
        332,
        333,
        334,
        335,
        336,
        337,
        338,
        339,
        340,
        341,
        342,
        343,
        344,
        345,
        346,
        347,
        348,
        349,
        350,
        351,
        352,
        353,
        354,
        355,
        356,
        357,
        358,
        359,
        360,
        361,
        362,
        363
      ]
    },
    {
      "mesh": 13
    },
    {
      "mesh": 14
    },
    {
      "mesh": 15
    },
    {
      "mesh": 16
    },
    {
      "mesh": 17
    },
    {
      "mesh": 18
    },
    {
      "mesh": 19
    },
    {
      "mesh": 20
    },
    {
      "mesh": 21
    },
    {
      "mesh": 22
    },
    {
      "mesh": 23
    },
    {
      "mesh": 24
    },
    {
      "mesh": 25
    },
    {
      "mesh": 26
    },
    {
      "mesh": 27
    },
    {
      "mesh": 28
    },
    {
      "mesh": 29
    },
    {
      "mesh": 30
    },
    {
      "mesh": 31
    },
    {
      "mesh": 32
    },
    {
      "mesh": 33
    },
    {
      "mesh": 34
    },
    {
      "mesh": 35
    },
    {
      "mesh": 36
    },
    {
      "mesh": 37
    },
    {
      "mesh": 38
    },
    {
      "mesh": 39
    },
    {
      "mesh": 40
    },
    {
      "mesh": 41
    },
    {
      "mesh": 42
    },
    {
      "mesh": 43
    },
    {
      "mesh": 44
    },
    {
      "mesh": 45
    },
    {
      "mesh": 46
    },
    {
      "mesh": 47
    },
    {
      "mesh": 48
    },
    {
      "mesh": 49
    },
    {
      "mesh": 50
    },
    {
      "mesh": 51
    },
    {
      "mesh": 52
    },
    {
      "mesh": 53
    },
    {
      "matrix": [
        3.086420008457935e-16,
        1.39,
        0,
        0,
        -1.39,
        3.086420008457935e-16,
        0,
        0,
        0,
        0,
        1.39,
        0,
        768.0127,
        330.7168,
        4692.488,
        1
      ],
      "name": "Component_6",
      "children": [
        365,
        366,
        367,
        368,
        369,
        370,
        371,
        372,
        373,
        374,
        375,
        376,
        377,
        378,
        379,
        380,
        381,
        382,
        383,
        384,
        385,
        386,
        387,
        388,
        389,
        390,
        391,
        392,
        393,
        394,
        395,
        396,
        397,
        398,
        399,
        400,
        401,
        402,
        403,
        404,
        405
      ]
    },
    {
      "mesh": 13
    },
    {
      "mesh": 14
    },
    {
      "mesh": 15
    },
    {
      "mesh": 16
    },
    {
      "mesh": 17
    },
    {
      "mesh": 18
    },
    {
      "mesh": 19
    },
    {
      "mesh": 20
    },
    {
      "mesh": 21
    },
    {
      "mesh": 22
    },
    {
      "mesh": 23
    },
    {
      "mesh": 24
    },
    {
      "mesh": 25
    },
    {
      "mesh": 26
    },
    {
      "mesh": 27
    },
    {
      "mesh": 28
    },
    {
      "mesh": 29
    },
    {
      "mesh": 30
    },
    {
      "mesh": 31
    },
    {
      "mesh": 32
    },
    {
      "mesh": 33
    },
    {
      "mesh": 34
    },
    {
      "mesh": 35
    },
    {
      "mesh": 36
    },
    {
      "mesh": 37
    },
    {
      "mesh": 38
    },
    {
      "mesh": 39
    },
    {
      "mesh": 40
    },
    {
      "mesh": 41
    },
    {
      "mesh": 42
    },
    {
      "mesh": 43
    },
    {
      "mesh": 44
    },
    {
      "mesh": 45
    },
    {
      "mesh": 46
    },
    {
      "mesh": 47
    },
    {
      "mesh": 48
    },
    {
      "mesh": 49
    },
    {
      "mesh": 50
    },
    {
      "mesh": 51
    },
    {
      "mesh": 52
    },
    {
      "mesh": 53
    },
    {
      "matrix": [
        3.086420008457935e-16,
        1.39,
        0,
        0,
        -1.39,
        3.086420008457935e-16,
        0,
        0,
        0,
        0,
        1.39,
        0,
        768.0127,
        7.122229,
        3274.727,
        1
      ],
      "name": "Component_6",
      "children": [
        407,
        408,
        409,
        410,
        411,
        412,
        413,
        414,
        415,
        416,
        417,
        418,
        419,
        420,
        421,
        422,
        423,
        424,
        425,
        426,
        427,
        428,
        429,
        430,
        431,
        432,
        433,
        434,
        435,
        436,
        437,
        438,
        439,
        440,
        441,
        442,
        443,
        444,
        445,
        446,
        447
      ]
    },
    {
      "mesh": 13
    },
    {
      "mesh": 14
    },
    {
      "mesh": 15
    },
    {
      "mesh": 16
    },
    {
      "mesh": 17
    },
    {
      "mesh": 18
    },
    {
      "mesh": 19
    },
    {
      "mesh": 20
    },
    {
      "mesh": 21
    },
    {
      "mesh": 22
    },
    {
      "mesh": 23
    },
    {
      "mesh": 24
    },
    {
      "mesh": 25
    },
    {
      "mesh": 26
    },
    {
      "mesh": 27
    },
    {
      "mesh": 28
    },
    {
      "mesh": 29
    },
    {
      "mesh": 30
    },
    {
      "mesh": 31
    },
    {
      "mesh": 32
    },
    {
      "mesh": 33
    },
    {
      "mesh": 34
    },
    {
      "mesh": 35
    },
    {
      "mesh": 36
    },
    {
      "mesh": 37
    },
    {
      "mesh": 38
    },
    {
      "mesh": 39
    },
    {
      "mesh": 40
    },
    {
      "mesh": 41
    },
    {
      "mesh": 42
    },
    {
      "mesh": 43
    },
    {
      "mesh": 44
    },
    {
      "mesh": 45
    },
    {
      "mesh": 46
    },
    {
      "mesh": 47
    },
    {
      "mesh": 48
    },
    {
      "mesh": 49
    },
    {
      "mesh": 50
    },
    {
      "mesh": 51
    },
    {
      "mesh": 52
    },
    {
      "mesh": 53
    },
    {
      "matrix": [
        3.086420008457935e-16,
        1.39,
        0,
        0,
        -1.39,
        3.086420008457935e-16,
        0,
        0,
        0,
        0,
        1.39,
        0,
        768.0127,
        6460.407,
        2547.617,
        1
      ],
      "name": "Component_6",
      "children": [
        449,
        450,
        451,
        452,
        453,
        454,
        455,
        456,
        457,
        458,
        459,
        460,
        461,
        462,
        463,
        464,
        465,
        466,
        467,
        468,
        469,
        470,
        471,
        472,
        473,
        474,
        475,
        476,
        477,
        478,
        479,
        480,
        481,
        482,
        483,
        484,
        485,
        486,
        487,
        488,
        489
      ]
    },
    {
      "mesh": 13
    },
    {
      "mesh": 14
    },
    {
      "mesh": 15
    },
    {
      "mesh": 16
    },
    {
      "mesh": 17
    },
    {
      "mesh": 18
    },
    {
      "mesh": 19
    },
    {
      "mesh": 20
    },
    {
      "mesh": 21
    },
    {
      "mesh": 22
    },
    {
      "mesh": 23
    },
    {
      "mesh": 24
    },
    {
      "mesh": 25
    },
    {
      "mesh": 26
    },
    {
      "mesh": 27
    },
    {
      "mesh": 28
    },
    {
      "mesh": 29
    },
    {
      "mesh": 30
    },
    {
      "mesh": 31
    },
    {
      "mesh": 32
    },
    {
      "mesh": 33
    },
    {
      "mesh": 34
    },
    {
      "mesh": 35
    },
    {
      "mesh": 36
    },
    {
      "mesh": 37
    },
    {
      "mesh": 38
    },
    {
      "mesh": 39
    },
    {
      "mesh": 40
    },
    {
      "mesh": 41
    },
    {
      "mesh": 42
    },
    {
      "mesh": 43
    },
    {
      "mesh": 44
    },
    {
      "mesh": 45
    },
    {
      "mesh": 46
    },
    {
      "mesh": 47
    },
    {
      "mesh": 48
    },
    {
      "mesh": 49
    },
    {
      "mesh": 50
    },
    {
      "mesh": 51
    },
    {
      "mesh": 52
    },
    {
      "mesh": 53
    },
    {
      "matrix": [
        3.086420008457935e-16,
        1.39,
        0,
        0,
        -1.39,
        3.086420008457935e-16,
        0,
        0,
        0,
        0,
        1.39,
        0,
        768.0127,
        1856.967,
        6218.738,
        1
      ],
      "name": "Component_6",
      "children": [
        491,
        492,
        493,
        494,
        495,
        496,
        497,
        498,
        499,
        500,
        501,
        502,
        503,
        504,
        505,
        506,
        507,
        508,
        509,
        510,
        511,
        512,
        513,
        514,
        515,
        516,
        517,
        518,
        519,
        520,
        521,
        522,
        523,
        524,
        525,
        526,
        527,
        528,
        529,
        530,
        531
      ]
    },
    {
      "mesh": 13
    },
    {
      "mesh": 14
    },
    {
      "mesh": 15
    },
    {
      "mesh": 16
    },
    {
      "mesh": 17
    },
    {
      "mesh": 18
    },
    {
      "mesh": 19
    },
    {
      "mesh": 20
    },
    {
      "mesh": 21
    },
    {
      "mesh": 22
    },
    {
      "mesh": 23
    },
    {
      "mesh": 24
    },
    {
      "mesh": 25
    },
    {
      "mesh": 26
    },
    {
      "mesh": 27
    },
    {
      "mesh": 28
    },
    {
      "mesh": 29
    },
    {
      "mesh": 30
    },
    {
      "mesh": 31
    },
    {
      "mesh": 32
    },
    {
      "mesh": 33
    },
    {
      "mesh": 34
    },
    {
      "mesh": 35
    },
    {
      "mesh": 36
    },
    {
      "mesh": 37
    },
    {
      "mesh": 38
    },
    {
      "mesh": 39
    },
    {
      "mesh": 40
    },
    {
      "mesh": 41
    },
    {
      "mesh": 42
    },
    {
      "mesh": 43
    },
    {
      "mesh": 44
    },
    {
      "mesh": 45
    },
    {
      "mesh": 46
    },
    {
      "mesh": 47
    },
    {
      "mesh": 48
    },
    {
      "mesh": 49
    },
    {
      "mesh": 50
    },
    {
      "mesh": 51
    },
    {
      "mesh": 52
    },
    {
      "mesh": 53
    },
    {
      "matrix": [
        3.086420008457935e-16,
        1.39,
        0,
        0,
        -1.39,
        3.086420008457935e-16,
        0,
        0,
        0,
        0,
        1.39,
        0,
        768.0127,
        5829.444,
        1237.409,
        1
      ],
      "name": "Component_6",
      "children": [
        533,
        534,
        535,
        536,
        537,
        538,
        539,
        540,
        541,
        542,
        543,
        544,
        545,
        546,
        547,
        548,
        549,
        550,
        551,
        552,
        553,
        554,
        555,
        556,
        557,
        558,
        559,
        560,
        561,
        562,
        563,
        564,
        565,
        566,
        567,
        568,
        569,
        570,
        571,
        572,
        573
      ]
    },
    {
      "mesh": 90
    },
    {
      "mesh": 91
    },
    {
      "mesh": 92
    },
    {
      "matrix": [
        3.0864206668576587e-16,
        -0.8666510000000001,
        1.086746,
        0,
        -1.3899999999999997,
        0,
        7.716050021144837e-17,
        0,
        7.716051667144147e-17,
        -1.086746,
        -0.866651,
        0,
        542.1047,
        1574.433,
        5921.891,
        1
      ],
      "name": "Component_8",
      "children": [
        575,
        576,
        577
      ]
    },
    {
      "mesh": 90
    },
    {
      "mesh": 91
    },
    {
      "mesh": 92
    },
    {
      "matrix": [
        0,
        -0.3093039999999999,
        1.35515,
        0,
        -1.39,
        0,
        0,
        0,
        0,
        -1.35515,
        -0.309304,
        0,
        542.1047,
        2851.497,
        6460.937,
        1
      ],
      "name": "Component_8",
      "children": [
        579,
        580,
        581
      ]
    },
    {
      "mesh": 90
    },
    {
      "mesh": 91
    },
    {
      "mesh": 92
    },
    {
      "matrix": [
        0,
        -1.252347,
        -0.6030979999999999,
        0,
        -1.39,
        0,
        0,
        0,
        0,
        0.6030979999999999,
        -1.252347,
        0,
        542.1047,
        524.2856,
        2182.597,
        1
      ],
      "name": "Component_8",
      "children": [
        583,
        584,
        585
      ]
    },
    {
      "mesh": 90
    },
    {
      "mesh": 91
    },
    {
      "mesh": 92
    },
    {
      "matrix": [
        3.0864206668576587e-16,
        -1.086746,
        -0.866651,
        0,
        -1.3899999999999997,
        0,
        -7.716050021144837e-17,
        0,
        -7.716051667144147e-17,
        0.866651,
        -1.0867459999999998,
        0,
        542.1047,
        865.754,
        1574.433,
        1
      ],
      "name": "Component_8",
      "children": [
        587,
        588,
        589
      ]
    },
    {
      "mesh": 90
    },
    {
      "mesh": 91
    },
    {
      "mesh": 92
    },
    {
      "matrix": [
        0,
        -0.603098,
        1.252347,
        0,
        -1.39,
        -3.086420008457935e-16,
        7.716050021144837e-17,
        0,
        7.71605043251241e-17,
        -1.252347,
        -0.603098,
        0,
        542.1047,
        2182.597,
        6263.359,
        1
      ],
      "name": "Component_8",
      "children": [
        591,
        592,
        593
      ]
    },
    {
      "mesh": 90
    },
    {
      "mesh": 91
    },
    {
      "mesh": 92
    },
    {
      "matrix": [
        0,
        -0.3093039999999999,
        -1.35515,
        0,
        -1.39,
        0,
        0,
        0,
        0,
        1.35515,
        -0.309304,
        0,
        542.1047,
        2551.67,
        395.1414,
        1
      ],
      "name": "Component_8",
      "children": [
        595,
        596,
        597
      ]
    },
    {
      "mesh": 90
    },
    {
      "mesh": 91
    },
    {
      "mesh": 92
    },
    {
      "matrix": [
        0,
        0,
        1.39,
        0,
        -1.39,
        0,
        0,
        0,
        0,
        -1.39,
        0,
        0,
        542.1047,
        3547.591,
        6504.717,
